0.0
0.0
0.0
0.0
0.0
0.0
0.0
0.0
0.0
0.0
0.0
0.0
0.0
0.0
0.0
0.0
0.0
0.0
0.0
0.0
0.0
0.0
0.0
0.0
0.0
0.0
0.0
0.0
0.0
0.0
0.0
0.0
0.0
0.0
0.0
0.0
0.0
0.0
0.0
0.0
0.0
0.0
0.0
0.0
0.0
0.0
0.0
0.0
0.0
0.0
0.0
0.0
0.0
0.0
-0.08103375
-0.26693975000000003
-0.581385
-0.960743
-1.22648225
-1.0945987500000003
-0.22843800000000003
1.6591767499999999
4.693269
8.76339275
13.522346249999998
18.46360425
23.061862249999997
26.914181000000003
29.837227
31.882450249999998
33.29895450000001
34.37983325
35.39948650000001
36.469132
37.539034750000006
38.4072535
38.8243415
38.430749000000006
37.0781285
34.76090624999999
31.732730750000005
28.481005
25.63144675
23.80702975
23.430158500000008
24.570204750000006
26.9105795
29.82042
32.53329275
34.36808550000001
34.93429274999999
34.190926
32.41109899999999
30.0884745
27.70899775
25.67552225
24.181071250000002
23.2425375
22.748103
22.562197
22.514091249999996
22.539301750000003
22.6024995
22.715089249999995
22.900652249999997
23.17813925
23.56795875
24.074398249999994
24.686052999999994
25.349757999999998
25.99862825
26.5953625
27.13447275
27.751701250000004
28.630209999999998
30.004696749999997
32.05789475000001
34.817758500000004
38.09160775000001
41.47778950000001
44.46026025
46.558820000000004
47.490665250000006
47.26359925
46.17980500000001
44.73088725
43.44763850000001
42.73934350000001
42.797053250000005
43.577721249999996
44.855396250000005
46.3439305
47.75923425
48.905454500000005
49.71133299999999
50.174983250000004
50.38129775
50.41465449999999
50.37641
50.3867
50.51875499999999
50.80781824999999
51.21907524999999
51.65357049999999
51.958669
51.96681524999999
51.55315725
50.67653499999999
49.40914999999999
47.927904500000004
46.49562225
45.352746249999996
44.66340199999999
44.4512565
44.58982850000001
44.837903250000004
44.9160215
44.58356875
43.714406749999995
42.312479999999994
40.508214249999995
38.49343224999999
36.51946724999999
34.791690499999994
33.496951249999995
32.78574075
32.7525555
33.4001395
34.62730774999999
36.20742299999999
37.81171974999999
39.072844999999994
39.67275200000001
39.45563300000001
38.44935675000002
36.86761225
35.04027974999999
33.29286624999999
31.850808500000014
30.79839875000001
30.087617
29.615820500000005
29.289370250000005
29.079968750000006
29.017371250000004
29.161431250000003
29.540274750000002
30.096363500000006
30.7346865
31.33039175
31.792069750000007
32.1320685
32.440940000000005
32.859485750000005
33.506898250000006
34.42545225000001
35.54020225
36.6847075
37.64184900000001
38.23789725000001
38.392332999999994
38.152575999999996
37.6732335
37.15941949999999
36.800126999999996
36.705887749999995
36.883304499999994
37.247913499999996
37.6550545
37.95337875
37.99951225
37.71310725
37.06072125
36.054187750000004
34.75095925
33.22546675000001
31.577180249999998
29.910457500000003
28.32862725
26.915810250000003
25.736662000000003
24.825739750000004
24.192047250000005
23.816890999999995
23.6616835
23.669401000000004
23.776588500000003
23.922877999999997
24.059477749999996
24.145313499999997
24.170009499999995
24.146942749999997
24.106726000000002
24.0952355
24.12876375
24.234665
24.423057749999998
24.71014875
25.124406999999998
25.717539749999997
26.54365525
27.641512500000005
29.007338500000007
30.57699225
32.23265325
33.82297275
35.201061
36.27507975
37.0297655
37.531917500000006
37.908617250000006
38.311299250000005
38.86104250000001
39.63030575000001
40.61231475000001
41.73358175000001
42.89086375000001
43.94353075
44.79305600000001
45.366294749999994
45.631347999999996
45.55100024999999
45.15775075
44.51213899999999
43.734900999999994
43.01142825
42.574189000000004
42.653250500000006
43.41796900000001
44.90667475
47.006177750000006
49.45571225000001
51.912364000000004
54.041279249999995
55.60527350000001
56.51482375000001
56.837243750000006
56.74694900000001
56.5032475
56.32145750000001
56.34375250000001
56.595428749999996
56.968527
57.277741500000005
57.26873775
56.75921125
55.68579275
54.12257025
52.28571950000001
50.46824825000001
48.937782250000005
47.85012925
47.203317000000006
46.857915999999996
46.599379750000004
46.237429
45.67130749999999
44.921080749999994
44.12609249999999
43.43983525
42.968638999999996
42.7482615
42.67554549999999
42.56973
42.22827350000001
41.49219550000001
40.305329750000006
38.7437365
36.989977499999995
35.340661999999995
34.07559225000001
33.39799575
33.37861625
33.9177265
34.76365025
35.59705450000001
36.12278775000001
36.175181
35.739656749999995
34.95778825
34.0343465
33.19150974999999
32.54306824999999
32.09733975
31.774834000000013
31.463561500000008
31.079315750000003
30.60306025000001
30.070467000000004
29.578690750000003
29.225658000000003
29.088629500000003
29.233890000000013
29.698569250000006
30.488927
31.5925295
32.95449675000001
34.45272075000001
35.93242275000001
37.21781525000001
38.20565525
38.84372099999999
39.187578499999994
39.34887425
39.453917999999994
39.572424500000004
39.680555250000005
39.66529175
39.364223500000016
38.622486000000016
37.35707325000002
35.57150100000001
33.38161750000001
30.98499075
28.616232749999995
26.490747499999994
24.779348999999996
23.571474499999997
22.868667499999997
22.596325499999992
22.615619249999995
22.78934875
22.99669225
23.190572999999997
23.371934249999995
23.59934325
23.9463735
24.4474965
25.101511749999997
25.85148125
26.621601999999996
27.35184899999999
28.027559
28.68586175
29.398615750000005
30.224216750000007
31.1997945
32.3111145
33.5026965
34.717602500000005
35.9208465
37.1096845
38.30478225
39.51214225
40.70681125
41.776199500000004
42.60668825
43.09186175
43.215942
43.08928925
42.921562250000015
42.92473500000001
43.31858475000001
44.20729775
45.59610475
47.426352750000014
49.628155500000005
52.160781750000005
55.01308400000001
58.17305725000001
61.57210150000001
65.04746324999999
68.35432625000001
71.22163475000004
73.50987350000003
75.13740849999999
76.16023450000002
76.67473450000001
76.69428549999999
76.14282724999998
74.85048899999998
72.64722849999998
69.52772924999998
65.71957174999999
61.6352135
57.82945700000001
54.77778600000001
52.71764225000001
51.61403975000001
51.18623300000001
51.05263450000001
50.87410300000001
50.455643
49.76801375
48.899795
47.9759245
47.08446749999999
46.296339249999996
45.58341375
44.908989999999996
44.241854999999994
43.52387025
42.70512925
41.73975575
40.64661474999999
39.51831625
38.50595175
37.793540750000005
37.503277000000004
37.62495625
37.9922235
38.33633825000001
38.40013625
38.0275525
37.25365874999999
36.26084525
35.2983015
34.571312999999996
34.148136750000006
34.020455000000005
34.05586975
34.1396475
34.196071
34.19872925
34.102346250000004
33.85692974999999
33.35957974999999
32.547270000000005
31.400449500000004
30.043026999999995
28.724106249999995
27.790803249999996
27.511687
28.025758250000006
29.2450375
30.896239500000004
32.5690505
33.85710125000001
34.4627535
34.267500749999996
33.36309550000001
31.957996
30.357472249999997
28.810370749999997
27.474385750000003
26.3888765
25.496133249999996
24.683652
23.866025749999995
23.025247000000004
22.2289725
21.590477999999997
21.233586499999998
21.21686525
21.542372249999996
22.115353749999997
22.808127999999996
23.487525249999994
24.079628999999994
24.5709765
25.00701525
25.47658225
26.06156875
26.847639
27.87089375
29.137850000000004
30.62604125
32.29010575
34.03992025000001
35.79805250000001
37.47112075000001
38.990525000000005
40.323080000000004
41.484478
42.49709975000001
43.42731575
44.332149749999985
45.26005049999999
46.251577749999996
47.34609075000001
48.55499425
49.906242750000004
51.40206575
53.01468025
54.688005749999995
56.33526324999999
57.87113149999999
59.22057924999999
60.34356125
61.23639025
61.94228424999999
62.50549025
62.985518750000004
63.421900500000014
63.82672625000001
64.20762775
64.553972
64.8223695
64.97577625000001
64.953224
64.69417325
64.14597350000001
63.29910649999999
62.18084075
60.87075224999999
59.5034685
58.195095
57.051533
56.123889500000004
55.3778645
54.704641249999995
53.941209
52.92395675000001
51.524774
49.70395850000001
47.519048500000004
45.11367525
42.660625
40.351720500000006
38.32021725
36.655638249999996
35.39579924999999
34.553134
34.11340799999999
34.04317874999999
34.27058775
34.68467449999998
35.10930849999999
35.38045
35.32960025
34.88867375
34.09257075000001
33.07883424999999
32.03817224999999
31.139598000000003
30.469290250000004
30.019188500000002
29.7036285
29.43085775
29.167005000000003
28.965578250000007
28.964978
29.322984250000005
30.144297750000007
31.433034500000012
33.06014075000001
34.79160475000001
36.361430000000006
37.528744749999994
38.139199
38.139713500000006
37.583453250000005
36.58480875
35.3075625
33.9064075
32.527547500000004
31.289746250000007
30.28046875
29.537873750000003
29.07791075
28.886602500000002
28.925104250000004
29.145567500000006
29.4926835
29.91037175
30.339379000000005
30.721395250000008
31.02006250000001
31.21368600000001
0.0
0.0
0.0
0.0
0.0
0.0
0.0
0.0
0.0
0.0
0.0
0.0
0.0
0.0
0.0
0.0
0.0
0.0
0.0
0.0
0.0
0.0
0.0
0.0
0.0
0.0
0.0
0.0
0.0
0.0
0.0
0.0
0.0
0.0
0.0
0.0
0.0
0.0
0.0
0.0
0.0
0.0
0.0
0.0
0.0
0.0
0.0
0.0
0.0
0.0
0.0
0.0
0.0
0.0
0.0
0.0
0.0
0.0
0.0
0.0
0.0
0.0
0.0
0.0
0.0
0.0
0.0
0.0
0.0
0.0
0.0
0.0
0.0
0.0
0.0
0.0
0.0
0.0
0.0
0.0
0.0
0.0
0.0
0.0
0.0
0.0
0.0
0.0
0.0
0.0
0.0
0.0
0.0
0.0
0.0
0.0
